06-26 03:47:43.361 27688-27754/nl.tudelft.cs4160.trustchain_android I/Statistics-lg: runtime,messagesSent,messagesReceived,introductionRequestsSent,introductionRequestsReceived,introductionResponsesSent,introductionResponsesReceived,puncturesSent,puncturesReceived,punctureRequestsSent,punctureRequestsReceived,blockMessagesSent,blockMessagesReceived,bytesSentCount,bytesReceivedCount,activeConnections,newConnections
06-26 16:04:30.596 11275-11817/nl.tudelft.cs4160.trustchain_android I/Statistics-stress_test_user_3: 1,0,0,0,0,0,0,0,0,0,0,0,0,0,0,0,0
06-26 16:04:40.595 11275-11817/nl.tudelft.cs4160.trustchain_android I/Statistics-stress_test_user_3: 10000,20,14,5,7,7,4,1,0,7,3,0,0,7024,5627,9,2
06-26 16:04:50.595 11275-11819/nl.tudelft.cs4160.trustchain_android I/Statistics-stress_test_user_3: 20000,76,80,25,25,25,24,1,0,25,31,0,0,38218,42305,11,0
06-26 16:05:00.595 11275-11817/nl.tudelft.cs4160.trustchain_android I/Statistics-stress_test_user_3: 30000,138,139,45,46,46,44,1,0,46,49,0,0,75241,77178,11,0
06-26 16:05:10.595 11275-11868/nl.tudelft.cs4160.trustchain_android I/Statistics-stress_test_user_3: 40000,192,195,65,63,63,64,1,0,63,68,0,0,105580,111699,11,0
06-26 16:05:20.594 11275-11819/nl.tudelft.cs4160.trustchain_android I/Statistics-stress_test_user_3: 50000,254,257,85,84,84,84,1,0,84,89,0,0,142585,147294,11,0
06-26 16:05:30.595 11275-11819/nl.tudelft.cs4160.trustchain_android I/Statistics-stress_test_user_3: 60000,318,318,105,106,106,104,1,0,106,108,0,0,181235,182589,11,0
06-26 16:05:40.597 11275-11817/nl.tudelft.cs4160.trustchain_android I/Statistics-stress_test_user_3: 70002,380,385,125,127,127,124,1,0,127,134,0,0,218236,219428,11,0
06-26 16:05:50.596 11275-11916/nl.tudelft.cs4160.trustchain_android I/Statistics-stress_test_user_3: 80002,438,438,145,146,146,144,1,0,146,148,0,0,251891,253057,11,0
06-26 16:06:00.595 11275-11868/nl.tudelft.cs4160.trustchain_android I/Statistics-stress_test_user_3: 90000,502,501,165,168,168,164,1,0,168,169,0,0,290541,288743,11,0
06-26 16:06:10.594 11275-11868/nl.tudelft.cs4160.trustchain_android I/Statistics-stress_test_user_3: 100000,564,564,185,189,189,184,1,0,189,191,0,0,327576,324577,11,0
06-26 16:06:20.594 11275-11868/nl.tudelft.cs4160.trustchain_android I/Statistics-stress_test_user_3: 110000,626,622,205,210,210,204,1,0,210,208,0,0,364627,359161,11,0
06-26 16:06:30.594 11275-11868/nl.tudelft.cs4160.trustchain_android I/Statistics-stress_test_user_3: 120000,684,683,225,229,229,224,1,0,229,230,0,0,398358,394841,11,0
06-26 16:06:40.594 11275-11868/nl.tudelft.cs4160.trustchain_android I/Statistics-stress_test_user_3: 130000,744,744,245,249,249,244,1,0,249,251,0,0,433746,430417,11,0
06-26 16:06:50.594 11275-11868/nl.tudelft.cs4160.trustchain_android I/Statistics-stress_test_user_3: 140000,806,803,265,270,270,264,1,0,270,269,0,0,470821,465340,11,0
06-26 16:07:00.594 11275-11868/nl.tudelft.cs4160.trustchain_android I/Statistics-stress_test_user_3: 150000,864,862,285,289,289,284,1,0,289,289,0,0,504534,500555,11,0
06-26 16:07:10.594 11275-11868/nl.tudelft.cs4160.trustchain_android I/Statistics-stress_test_user_3: 160000,926,920,305,310,310,304,1,0,310,306,0,0,541569,535232,11,0
06-26 16:07:20.594 11275-11868/nl.tudelft.cs4160.trustchain_android I/Statistics-stress_test_user_3: 170000,990,978,325,332,332,324,1,0,332,322,0,0,580195,569780,11,0
06-26 16:07:30.594 11275-11868/nl.tudelft.cs4160.trustchain_android I/Statistics-stress_test_user_3: 180000,1050,1036,345,352,352,344,1,0,352,340,0,0,615545,604504,11,0
06-26 16:07:40.594 11275-11868/nl.tudelft.cs4160.trustchain_android I/Statistics-stress_test_user_3: 190000,1108,1096,365,371,371,364,1,0,371,361,0,0,649274,639891,11,0
06-26 16:07:50.594 11275-11868/nl.tudelft.cs4160.trustchain_android I/Statistics-stress_test_user_3: 200000,1170,1145,385,392,392,383,1,0,392,370,0,0,686317,671202,11,0
06-26 16:08:00.598 11275-11868/nl.tudelft.cs4160.trustchain_android I/Statistics-stress_test_user_3: 210004,1230,1203,405,412,412,403,1,0,412,388,0,0,721685,705997,11,0
06-26 16:08:10.595 11275-11868/nl.tudelft.cs4160.trustchain_android I/Statistics-stress_test_user_3: 220001,1290,1266,425,432,432,423,1,0,432,411,0,0,757069,742046,11,0
06-26 16:08:20.595 11275-11868/nl.tudelft.cs4160.trustchain_android I/Statistics-stress_test_user_3: 230000,1350,1323,445,452,452,443,1,0,452,428,0,0,792429,776606,11,0
06-26 16:08:30.594 11275-11868/nl.tudelft.cs4160.trustchain_android I/Statistics-stress_test_user_3: 240000,1408,1384,465,471,471,462,1,0,471,451,0,0,826118,811053,11,0
06-26 16:08:40.594 11275-11868/nl.tudelft.cs4160.trustchain_android I/Statistics-stress_test_user_3: 250000,1468,1451,485,491,491,481,1,0,491,479,0,0,861500,846891,11,0
06-26 16:08:50.594 11275-11868/nl.tudelft.cs4160.trustchain_android I/Statistics-stress_test_user_3: 260000,1530,1505,505,512,512,501,1,0,512,492,0,0,898521,880613,11,0
06-26 16:09:00.594 11275-11868/nl.tudelft.cs4160.trustchain_android I/Statistics-stress_test_user_3: 270000,1588,1557,525,531,531,520,1,0,531,506,0,0,932214,912921,11,0
06-26 16:09:10.594 11275-11868/nl.tudelft.cs4160.trustchain_android I/Statistics-stress_test_user_3: 280000,1642,1613,545,548,548,539,1,0,548,526,0,0,962603,946455,11,0
06-26 16:09:20.594 11275-11868/nl.tudelft.cs4160.trustchain_android I/Statistics-stress_test_user_3: 290000,1700,1672,565,567,567,559,1,0,567,546,0,0,996306,981660,11,0
06-26 16:09:30.594 11275-11868/nl.tudelft.cs4160.trustchain_android I/Statistics-stress_test_user_3: 300000,1758,1721,585,586,586,579,1,0,586,556,0,0,1030005,1014411,11,0
06-26 16:09:40.595 11275-11868/nl.tudelft.cs4160.trustchain_android I/Statistics-stress_test_user_3: 310000,1820,1780,605,607,607,599,1,0,607,574,0,0,1067014,1049278,11,0
06-26 16:09:50.594 11275-11868/nl.tudelft.cs4160.trustchain_android I/Statistics-stress_test_user_3: 320000,1880,1843,625,627,627,617,1,0,627,599,0,0,1102346,1082937,11,0
06-26 16:10:00.594 11275-11868/nl.tudelft.cs4160.trustchain_android I/Statistics-stress_test_user_3: 330000,1940,1907,645,647,647,637,1,0,647,623,0,0,1137732,1119210,11,0
06-26 16:10:10.594 11275-11868/nl.tudelft.cs4160.trustchain_android I/Statistics-stress_test_user_3: 340000,2000,1969,665,667,667,657,1,0,667,645,0,0,1173104,1155023,11,0
06-26 16:10:20.594 11275-11868/nl.tudelft.cs4160.trustchain_android I/Statistics-stress_test_user_3: 350000,2062,2028,685,688,688,676,1,0,688,664,0,0,1210089,1188744,11,0
06-26 16:10:30.605 11275-11868/nl.tudelft.cs4160.trustchain_android I/Statistics-stress_test_user_3: 360010,2120,2088,705,707,707,696,1,0,707,685,0,0,1243788,1224140,11,0
06-26 16:10:40.594 11275-11868/nl.tudelft.cs4160.trustchain_android I/Statistics-stress_test_user_3: 370000,2166,2144,725,720,720,717,1,0,720,707,0,0,1267569,1260531,11,0
06-26 16:10:50.594 11275-11868/nl.tudelft.cs4160.trustchain_android I/Statistics-stress_test_user_3: 380000,2226,2198,745,740,740,736,1,0,740,722,0,0,1302935,1293222,11,0
06-26 16:11:00.594 11275-11868/nl.tudelft.cs4160.trustchain_android I/Statistics-stress_test_user_3: 390000,2280,2248,765,757,757,756,1,0,757,735,0,0,1333346,1326491,11,0
06-26 16:11:10.594 11275-11868/nl.tudelft.cs4160.trustchain_android I/Statistics-stress_test_user_3: 400000,2334,2308,785,774,774,775,1,0,774,759,0,0,1363753,1361080,11,0
06-26 16:11:20.594 11275-11868/nl.tudelft.cs4160.trustchain_android I/Statistics-stress_test_user_3: 410000,2388,2366,805,791,791,794,1,0,791,781,0,0,1394174,1395087,11,0
06-26 16:11:30.594 11275-11868/nl.tudelft.cs4160.trustchain_android I/Statistics-stress_test_user_3: 420000,2450,2427,825,812,812,813,1,0,812,802,0,0,1431239,1429235,11,0
06-26 16:11:40.594 11275-11868/nl.tudelft.cs4160.trustchain_android I/Statistics-stress_test_user_3: 430000,2510,2485,845,832,832,830,1,0,832,823,0,0,1466621,1460487,11,0
06-26 16:11:50.596 11275-11868/nl.tudelft.cs4160.trustchain_android I/Statistics-stress_test_user_3: 440002,2566,2536,865,850,850,848,1,0,850,838,0,0,1498729,1491499,11,0
06-26 16:12:00.595 11275-11868/nl.tudelft.cs4160.trustchain_android I/Statistics-stress_test_user_3: 450000,2612,2577,885,863,863,865,1,0,863,849,0,0,1522462,1519573,11,0
06-26 16:12:10.594 11275-11868/nl.tudelft.cs4160.trustchain_android I/Statistics-stress_test_user_3: 460000,2662,2633,895,883,883,881,1,0,883,869,0,0,1556708,1549197,11,0
06-26 16:12:20.594 11275-11868/nl.tudelft.cs4160.trustchain_android I/Statistics-stress_test_user_3: 470000,2722,2687,915,903,903,896,1,0,903,888,0,0,1592096,1577176,11,0
06-26 16:12:30.608 11275-11868/nl.tudelft.cs4160.trustchain_android I/Statistics-stress_test_user_3: 480014,2772,2729,935,918,918,910,1,0,918,901,0,0,1619147,1601727,11,0
06-26 16:12:40.595 11275-11868/nl.tudelft.cs4160.trustchain_android I/Statistics-stress_test_user_3: 490001,2828,2775,955,936,936,927,1,0,936,912,0,0,1651169,1630364,11,0
06-26 16:12:50.595 11275-11868/nl.tudelft.cs4160.trustchain_android I/Statistics-stress_test_user_3: 500000,2884,2823,975,954,954,943,1,0,954,926,0,0,1683241,1658352,11,0
06-26 16:13:00.594 11275-11868/nl.tudelft.cs4160.trustchain_android I/Statistics-stress_test_user_3: 510000,2946,2872,995,975,975,958,1,0,975,939,0,0,1720280,1684994,11,0
06-26 16:13:10.594 11275-11868/nl.tudelft.cs4160.trustchain_android I/Statistics-stress_test_user_3: 520000,2988,2910,1015,986,986,974,1,0,986,950,0,0,1740735,1711514,11,0
06-26 16:13:20.596 11275-11868/nl.tudelft.cs4160.trustchain_android I/Statistics-stress_test_user_3: 530001,3048,2961,1035,1006,1006,991,1,0,1006,964,0,0,1776055,1741138,11,0
06-26 16:13:30.594 11275-11868/nl.tudelft.cs4160.trustchain_android I/Statistics-stress_test_user_3: 540000,3104,3001,1055,1024,1024,1005,1,0,1024,972,0,0,1808165,1764855,11,0
06-26 16:13:40.594 11275-11868/nl.tudelft.cs4160.trustchain_android I/Statistics-stress_test_user_3: 550000,3164,3053,1075,1044,1044,1021,1,0,1044,988,0,0,1843541,1793475,11,0
06-26 16:13:50.595 11275-11868/nl.tudelft.cs4160.trustchain_android I/Statistics-stress_test_user_3: 560001,3226,3102,1095,1065,1065,1037,1,0,1065,1000,0,0,1880558,1821309,11,0
06-26 16:14:00.594 11275-11868/nl.tudelft.cs4160.trustchain_android I/Statistics-stress_test_user_3: 570000,3266,3144,1115,1075,1075,1053,1,0,1075,1016,0,0,1899364,1848838,11,0
06-26 16:14:10.594 11275-11868/nl.tudelft.cs4160.trustchain_android I/Statistics-stress_test_user_3: 580000,3322,3190,1135,1093,1093,1067,1,0,1093,1030,0,0,1931418,1873928,11,0
06-26 16:14:20.594 11275-11868/nl.tudelft.cs4160.trustchain_android I/Statistics-stress_test_user_3: 590000,3384,3239,1155,1114,1114,1080,1,0,1114,1045,0,0,1968441,1898278,11,0
06-26 16:14:30.594 11275-11868/nl.tudelft.cs4160.trustchain_android I/Statistics-stress_test_user_3: 600000,3420,3273,1175,1122,1122,1095,1,0,1122,1056,0,0,1983915,1922986,11,0
06-26 16:14:40.595 11275-11868/nl.tudelft.cs4160.trustchain_android I/Statistics-stress_test_user_3: 610000,3478,3317,1195,1141,1141,1109,1,0,1141,1067,0,0,2017652,1947418,11,0
06-26 16:14:50.595 11275-11868/nl.tudelft.cs4160.trustchain_android I/Statistics-stress_test_user_3: 620000,3528,3363,1215,1156,1156,1122,1,0,1156,1085,0,0,2044705,1971795,11,0
06-26 16:15:00.595 11275-11868/nl.tudelft.cs4160.trustchain_android I/Statistics-stress_test_user_3: 630000,3590,3414,1235,1177,1177,1136,1,0,1177,1101,0,0,2081768,1997751,11,0
06-26 16:15:10.631 11275-11868/nl.tudelft.cs4160.trustchain_android I/Statistics-stress_test_user_3: 640037,3640,3465,1255,1192,1192,1152,1,0,1192,1121,0,0,2108825,2026820,11,0
06-26 16:15:20.594 11275-11868/nl.tudelft.cs4160.trustchain_android I/Statistics-stress_test_user_3: 650000,3686,3506,1275,1205,1205,1167,1,0,1205,1134,0,0,2132578,2052554,11,0
06-26 16:15:30.595 11275-11868/nl.tudelft.cs4160.trustchain_android I/Statistics-stress_test_user_3: 660001,3740,3550,1295,1222,1222,1181,1,0,1222,1147,0,0,2162937,2077309,11,0
06-26 16:15:40.597 11275-11868/nl.tudelft.cs4160.trustchain_android I/Statistics-stress_test_user_3: 670003,3790,3591,1315,1237,1237,1194,1,0,1237,1160,0,0,2190024,2100411,11,0
06-26 16:15:50.594 11275-11868/nl.tudelft.cs4160.trustchain_android I/Statistics-stress_test_user_3: 680000,3846,3634,1335,1255,1255,1207,1,0,1255,1172,0,0,2222014,2123666,11,0
06-26 16:16:00.596 11275-11868/nl.tudelft.cs4160.trustchain_android I/Statistics-stress_test_user_3: 690002,3884,3668,1355,1264,1264,1221,1,0,1264,1183,0,0,2239165,2147123,11,0
06-26 16:16:10.602 11275-11868/nl.tudelft.cs4160.trustchain_android I/Statistics-stress_test_user_3: 700008,3920,3705,1365,1277,1277,1233,1,0,1277,1195,0,0,2261814,2168409,11,0
06-26 16:16:20.598 11275-11868/nl.tudelft.cs4160.trustchain_android I/Statistics-stress_test_user_3: 710004,3974,3750,1385,1294,1294,1247,1,0,1294,1209,0,0,2292163,2193465,11,0
06-26 16:16:30.594 11275-11868/nl.tudelft.cs4160.trustchain_android I/Statistics-stress_test_user_3: 720000,4034,3799,1405,1314,1314,1264,1,0,1314,1221,0,0,2327531,2222544,11,0
06-26 16:16:40.594 11275-11868/nl.tudelft.cs4160.trustchain_android I/Statistics-stress_test_user_3: 730000,4090,3843,1425,1332,1332,1277,1,0,1332,1234,0,0,2359555,2245994,11,0
06-26 16:16:50.596 11275-11868/nl.tudelft.cs4160.trustchain_android I/Statistics-stress_test_user_3: 740001,4142,3890,1445,1348,1348,1291,1,0,1348,1251,0,0,2388287,2271629,11,0
06-26 16:17:00.594 11275-11868/nl.tudelft.cs4160.trustchain_android I/Statistics-stress_test_user_3: 750000,4202,3933,1465,1368,1368,1306,1,0,1368,1259,0,0,2423677,2296989,11,0
06-26 16:17:10.594 11275-11868/nl.tudelft.cs4160.trustchain_android I/Statistics-stress_test_user_3: 760000,4254,3979,1485,1384,1384,1319,1,0,1384,1276,0,0,2452449,2321135,11,0
06-26 16:17:20.594 11275-11868/nl.tudelft.cs4160.trustchain_android I/Statistics-stress_test_user_3: 770000,4320,4029,1505,1407,1407,1331,1,0,1407,1291,0,0,2492836,2344235,11,0
06-26 16:17:30.594 11275-11868/nl.tudelft.cs4160.trustchain_android I/Statistics-stress_test_user_3: 780000,4384,4079,1525,1429,1429,1342,1,0,1429,1308,0,0,2531530,2366313,11,0
06-26 16:17:40.595 11275-11868/nl.tudelft.cs4160.trustchain_android I/Statistics-stress_test_user_3: 790000,4442,4124,1545,1448,1448,1355,1,0,1448,1321,0,0,2565243,2389918,11,0
06-26 16:17:50.594 11275-11868/nl.tudelft.cs4160.trustchain_android I/Statistics-stress_test_user_3: 800000,4504,4175,1565,1469,1469,1367,1,0,1469,1339,0,0,2602282,2413567,11,0
06-26 16:18:00.594 11275-11868/nl.tudelft.cs4160.trustchain_android I/Statistics-stress_test_user_3: 810000,4558,4222,1585,1486,1486,1380,1,0,1486,1356,0,0,2632691,2437847,11,0
06-26 16:18:10.594 11275-11868/nl.tudelft.cs4160.trustchain_android I/Statistics-stress_test_user_3: 820000,4612,4269,1605,1503,1503,1391,1,0,1503,1375,0,0,2663080,2459846,11,0
06-26 16:18:20.594 11275-11868/nl.tudelft.cs4160.trustchain_android I/Statistics-stress_test_user_3: 830000,4672,4316,1625,1523,1523,1405,1,0,1523,1388,0,0,2698440,2484886,11,0
06-26 16:18:30.594 11275-11868/nl.tudelft.cs4160.trustchain_android I/Statistics-stress_test_user_3: 840000,4738,4366,1645,1546,1546,1417,1,0,1546,1403,0,0,2738795,2508020,11,0
06-26 16:18:40.594 11275-11868/nl.tudelft.cs4160.trustchain_android I/Statistics-stress_test_user_3: 850000,4792,4409,1665,1563,1563,1430,1,0,1563,1416,0,0,2769226,2531408,11,0
06-26 16:18:50.594 11275-11868/nl.tudelft.cs4160.trustchain_android I/Statistics-stress_test_user_3: 860000,4858,4457,1685,1586,1586,1442,1,0,1586,1429,0,0,2809587,2554073,11,0
06-26 16:19:00.594 11275-11868/nl.tudelft.cs4160.trustchain_android I/Statistics-stress_test_user_3: 870000,4910,4500,1705,1602,1602,1454,1,0,1602,1444,0,0,2838361,2576368,11,0
06-26 16:19:10.600 11275-12009/nl.tudelft.cs4160.trustchain_android I/Statistics-stress_test_user_3: 880005,4968,4543,1725,1621,1621,1466,1,0,1621,1456,0,0,2872052,2598248,11,0
06-26 16:19:20.594 11275-12009/nl.tudelft.cs4160.trustchain_android I/Statistics-stress_test_user_3: 890000,5018,4577,1745,1636,1636,1478,1,0,1636,1463,0,0,2899133,2618556,11,0
06-26 16:19:30.594 11275-12009/nl.tudelft.cs4160.trustchain_android I/Statistics-stress_test_user_3: 900000,5068,4622,1765,1651,1651,1490,1,0,1651,1481,0,0,2926228,2641235,11,0
06-26 16:19:40.594 11275-12009/nl.tudelft.cs4160.trustchain_android I/Statistics-stress_test_user_3: 910000,5130,4664,1785,1672,1672,1502,1,0,1672,1490,0,0,2963237,2662650,11,0
06-26 16:19:50.614 11275-12009/nl.tudelft.cs4160.trustchain_android I/Statistics-stress_test_user_3: 920020,5172,4701,1795,1688,1688,1512,1,0,1688,1501,0,0,2990821,2681131,11,0
06-26 16:20:00.594 11275-12009/nl.tudelft.cs4160.trustchain_android I/Statistics-stress_test_user_3: 930000,5236,4749,1815,1710,1710,1524,1,0,1710,1515,0,0,3029515,2703862,11,0
06-26 16:20:10.594 11275-12009/nl.tudelft.cs4160.trustchain_android I/Statistics-stress_test_user_3: 940000,5286,4787,1835,1725,1725,1538,1,0,1725,1524,0,0,3056602,2727513,11,0
06-26 16:20:20.596 11275-12009/nl.tudelft.cs4160.trustchain_android I/Statistics-stress_test_user_3: 950002,5332,4824,1855,1738,1738,1548,1,0,1738,1538,0,0,3080369,2746468,11,0
06-26 16:20:30.594 11275-12009/nl.tudelft.cs4160.trustchain_android I/Statistics-stress_test_user_3: 960000,5378,4859,1875,1751,1751,1562,1,0,1751,1546,0,0,3104096,2769622,11,0
06-26 16:20:40.594 11275-12009/nl.tudelft.cs4160.trustchain_android I/Statistics-stress_test_user_3: 970000,5428,4901,1895,1766,1766,1574,1,0,1766,1561,0,0,3131181,2791811,11,0
06-26 16:20:50.594 11275-12009/nl.tudelft.cs4160.trustchain_android I/Statistics-stress_test_user_3: 980000,5474,4938,1915,1779,1779,1587,1,0,1779,1572,0,0,3154986,2814302,11,0
06-26 16:21:00.598 11275-12009/nl.tudelft.cs4160.trustchain_android I/Statistics-stress_test_user_3: 990000,5525,4972,1935,1795,1795,1598,1,0,1795,1579,0,0,3183480,2833083,11,0
06-26 16:21:10.594 11275-12009/nl.tudelft.cs4160.trustchain_android I/Statistics-stress_test_user_3: 1000000,5580,5011,1955,1812,1812,1610,1,0,1812,1589,0,0,3214161,2854392,11,0
06-26 16:21:20.594 11275-12009/nl.tudelft.cs4160.trustchain_android I/Statistics-stress_test_user_3: 1010000,5620,5044,1975,1822,1822,1623,1,0,1822,1599,0,0,3232947,2876216,11,0
06-26 16:21:30.595 11275-12009/nl.tudelft.cs4160.trustchain_android I/Statistics-stress_test_user_3: 1020000,5672,5089,1995,1838,1838,1638,1,0,1838,1613,0,0,3261717,2902579,11,0
06-26 16:21:40.595 11275-12009/nl.tudelft.cs4160.trustchain_android I/Statistics-stress_test_user_3: 1030000,5714,5119,2015,1849,1849,1651,1,0,1849,1619,0,0,3282158,2923580,11,0
06-26 16:21:50.594 11275-12009/nl.tudelft.cs4160.trustchain_android I/Statistics-stress_test_user_3: 1040000,5772,5161,2035,1868,1868,1664,1,0,1868,1629,0,0,3315901,2946476,11,0
06-26 16:22:00.594 11275-12009/nl.tudelft.cs4160.trustchain_android I/Statistics-stress_test_user_3: 1050000,5820,5194,2055,1882,1882,1676,1,0,1882,1636,0,0,3341297,2966672,11,0
06-26 16:22:10.596 11275-12009/nl.tudelft.cs4160.trustchain_android I/Statistics-stress_test_user_3: 1060002,5866,5229,2075,1895,1895,1689,1,0,1895,1645,0,0,3365106,2988529,11,0
06-26 16:22:20.594 11275-12009/nl.tudelft.cs4160.trustchain_android I/Statistics-stress_test_user_3: 1070000,5922,5272,2095,1913,1913,1701,1,0,1913,1658,0,0,3397158,3010594,11,0
06-26 16:22:30.594 11275-12009/nl.tudelft.cs4160.trustchain_android I/Statistics-stress_test_user_3: 1080000,5986,5316,2115,1935,1935,1712,1,0,1935,1669,0,0,3435816,3031107,11,0
06-26 16:22:40.594 11275-12009/nl.tudelft.cs4160.trustchain_android I/Statistics-stress_test_user_3: 1090000,6034,5349,2135,1949,1949,1723,1,0,1949,1677,0,0,3461254,3050090,11,0
06-26 16:22:50.596 11275-12009/nl.tudelft.cs4160.trustchain_android I/Statistics-stress_test_user_3: 1100002,6092,5394,2155,1968,1968,1734,1,0,1968,1692,0,0,3494985,3071313,11,0
06-26 16:23:00.594 11275-12009/nl.tudelft.cs4160.trustchain_android I/Statistics-stress_test_user_3: 1110000,6144,5435,2175,1984,1984,1742,1,0,1984,1709,0,0,3523725,3088469,11,0
06-26 16:23:10.594 11275-12009/nl.tudelft.cs4160.trustchain_android I/Statistics-stress_test_user_3: 1120000,6178,5474,2185,1996,1996,1756,1,0,1996,1722,0,0,3544695,3112580,11,0
06-26 16:23:20.594 11275-12009/nl.tudelft.cs4160.trustchain_android I/Statistics-stress_test_user_3: 1130000,6226,5513,2205,2010,2010,1769,1,0,2010,1734,0,0,3570119,3135285,11,0
06-26 16:23:30.594 11275-12009/nl.tudelft.cs4160.trustchain_android I/Statistics-stress_test_user_3: 1140000,6274,5554,2225,2024,2024,1783,1,0,2024,1747,0,0,3595515,3159757,11,0
06-26 16:23:40.610 11275-12009/nl.tudelft.cs4160.trustchain_android I/Statistics-stress_test_user_3: 1150016,6324,5592,2245,2039,2039,1793,1,0,2039,1760,0,0,3622582,3178660,11,0
06-26 16:23:50.594 11275-12009/nl.tudelft.cs4160.trustchain_android I/Statistics-stress_test_user_3: 1160000,6374,5630,2265,2054,2054,1807,1,0,2054,1769,0,0,3649681,3202307,11,0
06-26 16:24:00.594 11275-12009/nl.tudelft.cs4160.trustchain_android I/Statistics-stress_test_user_3: 1170000,6424,5667,2285,2069,2069,1821,1,0,2069,1777,0,0,3676752,3225615,11,0
06-26 16:24:10.594 11275-12009/nl.tudelft.cs4160.trustchain_android I/Statistics-stress_test_user_3: 1180000,6476,5705,2305,2085,2085,1833,1,0,2085,1787,0,0,3705476,3246717,11,0
06-26 16:24:20.594 11275-12009/nl.tudelft.cs4160.trustchain_android I/Statistics-stress_test_user_3: 1190000,6510,5735,2325,2092,2092,1846,1,0,2092,1797,0,0,3719333,3268220,11,0
06-26 16:24:30.594 11275-12009/nl.tudelft.cs4160.trustchain_android I/Statistics-stress_test_user_3: 1200000,6564,5775,2345,2109,2109,1861,1,0,2109,1805,0,0,3749680,3293146,11,0
06-26 16:24:40.594 11275-12009/nl.tudelft.cs4160.trustchain_android I/Statistics-stress_test_user_3: 1210000,6600,5805,2365,2117,2117,1873,1,0,2117,1815,0,0,3765184,3313249,11,0
06-26 16:24:50.594 11275-12009/nl.tudelft.cs4160.trustchain_android I/Statistics-stress_test_user_3: 1220000,6650,5840,2385,2132,2132,1888,1,0,2132,1820,0,0,3792221,3337264,11,0
06-26 16:25:00.603 11275-12009/nl.tudelft.cs4160.trustchain_android I/Statistics-stress_test_user_3: 1230009,6698,5874,2405,2146,2146,1897,1,0,2146,1831,0,0,3817647,3354175,11,0
06-26 16:25:10.594 11275-12009/nl.tudelft.cs4160.trustchain_android I/Statistics-stress_test_user_3: 1240000,6742,5907,2425,2158,2158,1910,1,0,2158,1839,0,0,3839717,3375774,11,0
06-26 16:25:20.595 11275-12009/nl.tudelft.cs4160.trustchain_android I/Statistics-stress_test_user_3: 1250000,6786,5938,2445,2170,2170,1924,1,0,2170,1844,0,0,3861797,3397922,11,0
06-26 16:25:30.598 11275-12009/nl.tudelft.cs4160.trustchain_android I/Statistics-stress_test_user_3: 1260004,6838,5978,2465,2186,2186,1935,1,0,2186,1857,0,0,3890557,3418343,11,0
06-26 16:25:40.596 11275-12009/nl.tudelft.cs4160.trustchain_android I/Statistics-stress_test_user_3: 1270002,6888,6018,2485,2201,2201,1948,1,0,2201,1869,0,0,3917660,3441258,11,0
06-26 16:25:50.594 11275-12009/nl.tudelft.cs4160.trustchain_android I/Statistics-stress_test_user_3: 1280000,6932,6049,2505,2213,2213,1961,1,0,2213,1875,0,0,3939760,3462430,11,0
06-26 16:26:00.594 11275-12009/nl.tudelft.cs4160.trustchain_android I/Statistics-stress_test_user_3: 1290000,6972,6081,2525,2223,2223,1974,1,0,2223,1884,0,0,3958574,3484130,11,0
06-26 16:26:10.594 11275-12009/nl.tudelft.cs4160.trustchain_android I/Statistics-stress_test_user_3: 1300000,7018,6113,2545,2236,2236,1986,1,0,2236,1891,0,0,3982391,3504209,11,0
06-26 16:26:20.594 11275-12009/nl.tudelft.cs4160.trustchain_android I/Statistics-stress_test_user_3: 1310000,7070,6151,2565,2252,2252,1999,1,0,2252,1900,0,0,4011151,3526479,11,0
06-26 16:26:30.594 11275-12009/nl.tudelft.cs4160.trustchain_android I/Statistics-stress_test_user_3: 1320000,7124,6190,2585,2269,2269,2009,1,0,2269,1912,0,0,4041562,3545398,11,0
06-26 16:26:40.596 11275-12009/nl.tudelft.cs4160.trustchain_android I/Statistics-stress_test_user_3: 1330002,7164,6224,2605,2279,2279,2021,1,0,2279,1924,0,0,4060344,3566328,11,0
06-26 16:26:50.594 11275-12009/nl.tudelft.cs4160.trustchain_android I/Statistics-stress_test_user_3: 1340000,7214,6264,2625,2294,2294,2031,1,0,2294,1939,0,0,4087471,3585714,11,0
06-26 16:27:00.594 11275-12009/nl.tudelft.cs4160.trustchain_android I/Statistics-stress_test_user_3: 1350000,7268,6308,2645,2311,2311,2045,1,0,2311,1952,0,0,4117890,3610527,11,0
06-26 16:27:10.594 11275-12009/nl.tudelft.cs4160.trustchain_android I/Statistics-stress_test_user_3: 1360000,7316,6347,2665,2325,2325,2056,1,0,2325,1966,0,0,4143326,3630974,11,0
06-26 16:27:20.594 11275-12009/nl.tudelft.cs4160.trustchain_android I/Statistics-stress_test_user_3: 1370000,7384,6394,2685,2349,2349,2067,1,0,2349,1978,0,0,4185294,3651981,11,0
06-26 16:27:30.594 11275-12009/nl.tudelft.cs4160.trustchain_android I/Statistics-stress_test_user_3: 1380000,7434,6437,2705,2364,2364,2077,1,0,2364,1996,0,0,4212411,3671756,11,0
06-26 16:27:40.594 11275-12009/nl.tudelft.cs4160.trustchain_android I/Statistics-stress_test_user_3: 1390000,7464,6467,2715,2374,2374,2089,1,0,2374,2004,0,0,4230073,3691719,11,0
06-26 16:27:50.594 11275-12009/nl.tudelft.cs4160.trustchain_android I/Statistics-stress_test_user_3: 1400000,7530,6521,2735,2397,2397,2100,1,0,2397,2024,0,0,4270404,3714655,11,0
06-26 16:28:00.594 11275-12009/nl.tudelft.cs4160.trustchain_android I/Statistics-stress_test_user_3: 1410000,7576,6561,2755,2410,2410,2111,1,0,2410,2040,0,0,4294183,3735493,11,0
06-26 16:28:10.594 11275-12009/nl.tudelft.cs4160.trustchain_android I/Statistics-stress_test_user_3: 1420000,7638,6610,2775,2431,2431,2122,1,0,2431,2057,0,0,4331186,3757300,11,0
06-26 16:28:20.594 11275-12009/nl.tudelft.cs4160.trustchain_android I/Statistics-stress_test_user_3: 1430000,7676,6645,2795,2440,2440,2135,1,0,2440,2070,0,0,4348363,3779817,11,0
06-26 16:28:30.594 11275-12009/nl.tudelft.cs4160.trustchain_android I/Statistics-stress_test_user_3: 1440000,7734,6689,2815,2459,2459,2146,1,0,2459,2084,0,0,4382098,3800770,11,0
06-26 16:28:40.594 11275-12009/nl.tudelft.cs4160.trustchain_android I/Statistics-stress_test_user_3: 1450000,7798,6738,2835,2481,2481,2158,1,0,2481,2099,0,0,4420770,3823578,11,0
06-26 16:28:50.595 11275-12009/nl.tudelft.cs4160.trustchain_android I/Statistics-stress_test_user_3: 1460000,7858,6788,2855,2501,2501,2169,1,0,2501,2118,0,0,4456090,3845873,11,0
06-26 16:29:00.594 11275-12009/nl.tudelft.cs4160.trustchain_android I/Statistics-stress_test_user_3: 1470000,7904,6829,2875,2514,2514,2181,1,0,2514,2134,0,0,4479883,3868106,11,0
06-26 16:29:10.595 11275-12009/nl.tudelft.cs4160.trustchain_android I/Statistics-stress_test_user_3: 1480000,7954,6867,2895,2529,2529,2195,1,0,2529,2143,0,0,4506980,3891719,11,0
06-26 16:29:20.594 11275-12009/nl.tudelft.cs4160.trustchain_android I/Statistics-stress_test_user_3: 1490000,7994,6896,2915,2539,2539,2206,1,0,2539,2151,0,0,4525790,3910317,11,0
06-26 16:29:30.594 11275-12009/nl.tudelft.cs4160.trustchain_android I/Statistics-stress_test_user_3: 1500000,8054,6942,2935,2559,2559,2218,1,0,2559,2165,0,0,4560770,3932845,11,0
06-26 16:29:40.594 11275-12009/nl.tudelft.cs4160.trustchain_android I/Statistics-stress_test_user_3: 1510000,8096,6973,2955,2570,2570,2230,1,0,2570,2173,0,0,4581227,3952865,11,0
06-26 16:29:50.594 11275-12009/nl.tudelft.cs4160.trustchain_android I/Statistics-stress_test_user_3: 1520000,8150,7009,2975,2587,2587,2241,1,0,2587,2181,0,0,4611652,3972241,11,0
06-26 16:30:00.594 11275-12009/nl.tudelft.cs4160.trustchain_android I/Statistics-stress_test_user_3: 1530000,8212,7049,2995,2608,2608,2252,1,0,2608,2189,0,0,4648713,3991968,11,0
06-26 16:30:10.594 11275-12009/nl.tudelft.cs4160.trustchain_android I/Statistics-stress_test_user_3: 1540000,8254,7083,3015,2619,2619,2265,1,0,2619,2199,0,0,4669202,4013805,11,0
06-26 16:30:20.595 11275-12009/nl.tudelft.cs4160.trustchain_android I/Statistics-stress_test_user_3: 1550001,8300,7115,3035,2632,2632,2275,1,0,2632,2208,0,0,4693005,4031566,11,0
06-26 16:30:30.594 11275-12009/nl.tudelft.cs4160.trustchain_android I/Statistics-stress_test_user_3: 1560000,8338,7135,3055,2641,2641,2283,1,0,2641,2211,0,0,4710168,4044556,11,0
06-26 16:30:40.599 11275-12009/nl.tudelft.cs4160.trustchain_android I/Statistics-stress_test_user_3: 1570000,8378,7164,3075,2651,2651,2293,1,0,2651,2220,0,0,4728972,4061942,11,0
06-26 16:30:50.594 11275-12009/nl.tudelft.cs4160.trustchain_android I/Statistics-stress_test_user_3: 1580000,8420,7196,3095,2662,2662,2303,1,0,2662,2231,0,0,4749475,4080014,11,0
06-26 16:31:00.594 11275-12009/nl.tudelft.cs4160.trustchain_android I/Statistics-stress_test_user_3: 1590000,8470,7238,3115,2677,2677,2315,1,0,2677,2246,0,0,4776592,4102244,11,0
06-26 16:31:10.595 11275-12009/nl.tudelft.cs4160.trustchain_android I/Statistics-stress_test_user_3: 1600000,8518,7271,3135,2691,2691,2324,1,0,2691,2256,0,0,4802032,4118881,11,0
06-26 16:31:20.594 11275-12009/nl.tudelft.cs4160.trustchain_android I/Statistics-stress_test_user_3: 1610000,8558,7302,3155,2701,2701,2336,1,0,2701,2265,0,0,4820876,4139010,11,0
06-26 16:31:30.594 11275-12009/nl.tudelft.cs4160.trustchain_android I/Statistics-stress_test_user_3: 1620000,8616,7340,3175,2720,2720,2348,1,0,2720,2272,0,0,4854615,4159746,11,0
06-26 16:31:40.594 11275-12009/nl.tudelft.cs4160.trustchain_android I/Statistics-stress_test_user_3: 1630000,8647,7365,3195,2726,2726,2359,1,0,2725,2280,0,0,4866573,4177701,11,0
06-26 16:31:50.595 11275-12009/nl.tudelft.cs4160.trustchain_android I/Statistics-stress_test_user_3: 1640001,8678,7392,3205,2736,2736,2373,1,0,2736,2283,0,0,4884366,4199062,11,0
06-26 16:32:00.594 11275-12009/nl.tudelft.cs4160.trustchain_android I/Statistics-stress_test_user_3: 1650000,8722,7417,3225,2748,2748,2379,1,0,2748,2290,0,0,4905965,4210527,11,0